year,country,tx_val_insf_zs_wt
2008,arb,5.45578583468
2009,arb,9.4850852318348
2010,arb,9.14679807962909
2011,arb,4.15912244413125
2012,arb,5.918129066213809
2013,arb,7.27355540773543
2005,css,11.732700890164699
2006,css,12.5444161135422
2007,css,11.719077703411902
2008,css,18.4570195093826
2009,css,11.1252235647194
2010,css,12.3750053771236
2011,css,2.58397067670151
2005,ceb,2.181037618311
2006,ceb,1.9560372610260799
2007,ceb,2.25595948138541
2008,ceb,2.49652353523149
2009,ceb,2.4787444905446803
2010,ceb,2.3816363622727703
2011,ceb,2.47354986753816
2012,ceb,2.37504775589675
2013,ceb,2.33638472139886
2014,ceb,2.4172136901017
2005,eas,4.872078236798
2006,eas,5.73105671188357
2007,eas,6.11738716492275
2008,eas,5.22336039301648
2009,eas,5.48366771967811
2010,eas,5.17120600791257
2011,eas,5.367802775547389
2012,eas,5.20631739357213
2013,eas,5.61766871843294
2005,eap,1.07818340057471
2006,eap,0.916463650734118
2007,eap,1.02435552014267
2008,eap,1.1750531101808102
2009,eap,1.37736751054049
2010,eap,1.6689897984385702
2011,eap,1.9620534738441202
2012,eap,2.09396978424425
2013,eap,2.7181848593697597
2005,emu,8.035233609061901
2006,emu,8.874577822879651
2007,emu,9.30609616912813
2008,emu,9.47865203305628
2009,emu,10.2080019489462
2010,emu,9.613098086132279
2011,emu,9.350223928731141
2012,emu,9.04475072205214
2013,emu,9.10120098614034
2014,emu,8.79902325703342
2005,ecs,9.858410669307561
2006,ecs,10.7391650214081
2007,ecs,11.260614651375
2008,ecs,11.0913813725704
2009,ecs,11.5062463623953
2010,ecs,10.930389328290698
2011,ecs,10.850113830912099
2012,ecs,10.4391958604464
2013,ecs,9.88437332433698
2014,ecs,10.4811823659618
2005,eca,1.53559557986152
2006,eca,1.88798188650082
2007,eca,2.92198341572171
2008,eca,3.2991586690206702
2009,eca,2.65372236097582
2010,eca,2.46566175877867
2011,eca,2.45958969277807
2012,eca,2.56726629872743
2013,eca,2.5990828237083
2014,eca,2.60228933096652
2005,euu,9.89355690428467
2006,euu,10.8025411892661
2007,euu,11.2572473346454
2008,euu,11.2056272849948
2009,euu,11.849021612367402
2010,euu,11.299023631210199
2011,euu,11.2623747549321
2012,euu,10.8285347899084
2013,euu,10.109491176468099
2014,euu,10.7507984821947
2005,fcs,6.150335777160901
2006,fcs,7.731262327533799
2008,fcs,3.79891444976473
2009,fcs,8.101883809760599
2010,fcs,9.20439117802157
2012,fcs,10.539905017079999
2005,hpc,7.8358312725698696
2006,hpc,7.9885693068422405
2007,hpc,7.859778032053041
2008,hpc,6.556946258728201
2009,hpc,5.35574750348035
2010,hpc,5.55533095370274
2011,hpc,5.17160364857102
2012,hpc,6.97359909947711
2013,hpc,3.5715274396996004
2005,hic,9.65488514096457
2006,hic,10.7031182508988
2007,hic,11.2924332411238
2008,hic,10.667616769652
2009,hic,11.318580770440303
2010,hic,10.846551925280199
2011,hic,10.5762737758297
2012,hic,10.181356181029802
2013,hic,10.0278105378992
2014,hic,10.353418972059302
2008,noc,9.82714166517851
2009,noc,11.2045613210268
2010,noc,10.643878287844199
2011,noc,8.799754205737528
2012,noc,9.09141731021457
2013,noc,9.7173454096355
2005,oec,9.83331656695616
2006,oec,10.841695056857299
2007,oec,11.2824793564655
2008,oec,10.8187438794765
2009,oec,11.339082781459998
2010,oec,10.882800456722501
2011,oec,10.9009386592649
2012,oec,10.378724718671199
2013,oec,10.083320719315301
2014,oec,10.6810143707558
2005,lcn,5.621717114173441
2006,lcn,5.298385576353099
2007,lcn,7.21364990166491
2008,lcn,7.08013552642992
2009,lcn,6.9981916258584205
2010,lcn,7.645800067451461
2011,lcn,8.4641353785894
2012,lcn,7.829629094498451
2013,lcn,8.47652814003814
2014,lcn,9.960236552599302
2005,lac,6.92869238187387
2006,lac,6.4278860314297
2007,lac,9.008211033725381
2008,lac,8.72810054484279
2009,lac,8.4664695129843
2010,lac,9.29058706095763
2011,lac,10.7752517160606
2012,lac,9.741674463829321
2013,lac,10.5434202111411
2014,lac,11.2300522043276
2005,lmy,3.33205028488436
2006,lmy,2.8486233367618703
2007,lmy,3.4291707600774504
2008,lmy,3.4724506145449596
2009,lmy,3.63851625371619
2010,lmy,3.98461534990071
2011,lmy,4.29488847338862
2012,lmy,4.34811599678778
2013,lmy,4.92512392264229
2005,lic,4.05708755247703
2006,lic,4.11735673364947
2007,lic,4.30521007202801
2008,lic,3.41792753910838
2009,lic,4.27335442042715
2010,lic,4.56531397195015
2011,lic,4.758446857477041
2012,lic,5.15365901199608
2005,lmc,3.33077520989533
2006,lmc,3.24153088719544
2007,lmc,3.6580159281090294
2008,lmc,3.4258476530180197
2009,lmc,3.14343448622732
2010,lmc,3.3547051418470604
2011,lmc,3.21591398210586
2012,lmc,2.8565783472143
2013,lmc,3.15703524128583
2014,lmc,2.93129039719159
2008,mea,4.98217798494017
2009,mea,8.78876754540416
2010,mea,8.44452257923535
2012,mea,5.5663584956745495
2013,mea,6.79844021562439
2005,mna,9.47934701786942
2006,mna,5.0116699231313495
2008,mna,3.77172154763518
2009,mna,6.92781409506948
2010,mna,7.3776897529797605
2005,mic,3.32633136190121
2006,mic,2.8385424922435405
2007,mic,3.4220931137359907
2008,mic,3.47289531667515
2009,mic,3.6333383747575496
2010,mic,3.97987904491137
2011,mic,4.29113800211673
2012,mic,4.34165256064435
2013,mic,4.9399146320010905
2005,nac,11.472293340197101
2006,nac,12.5867385888167
2007,nac,13.5448488800179
2008,nac,12.990190818666802
2009,nac,13.917614841824902
2010,nac,14.189458964221
2011,nac,14.191930298067101
2012,nac,13.556376908183301
2013,nac,13.9472052781151
2014,nac,13.926054965032899
2005,oed,9.75463674354254
2006,oed,10.666881996334501
2007,oed,11.2084622237814
2008,oed,10.766584379603401
2009,oed,11.233155282135902
2010,oed,10.8373853737354
2011,oed,10.9332539118523
2012,oed,10.368010371499901
2013,oed,10.1350079553565
2014,oed,10.813892352939801
2005,oss,17.563124297140902
2005,pss,0.9269002825551022
2006,pss,1.29596558337552
2007,pss,1.19298385571191
2008,pss,1.2138724383428703
2009,pss,1.6975825957043897
2010,pss,1.47565902697647
2011,pss,1.52646868787778
2012,pss,1.49325850791509
2013,pss,0.7362430516348728
2005,sst,14.5344517355911
2007,sst,7.852418655647909
2008,sst,11.3365901623171
2009,sst,7.573838923769291
2010,sst,8.33706683296988
2011,sst,7.59963497690805
2005,sas,4.027437163697289
2006,sas,4.71947310211501
2007,sas,5.2513507706448
2008,sas,5.27882520364814
2009,sas,5.42417365867263
2010,sas,5.81404136355124
2011,sas,5.85987362500258
2012,sas,5.12099091260729
2013,sas,5.4635448933272395
2014,sas,5.082774206465349
2005,ssf,6.0907698973219695
2006,ssf,5.00839513359542
2007,ssf,5.5735646533961996
2008,ssf,4.930260580973941
2009,ssf,4.25669554435779
2010,ssf,4.327333555600879
2011,ssf,5.21849014917905
2012,ssf,4.706185675028901
2005,ssa,6.10140875182881
2006,ssa,5.0188019229914005
2007,ssa,5.533049935275541
2008,ssa,4.92447525724436
2009,ssa,4.24652761547002
2010,ssa,4.31395212585245
2011,ssa,5.21223751874344
2012,ssa,4.706185675028901
2005,umc,3.32523621927271
2006,umc,2.7388851599678397
2007,umc,3.36252220242659
2008,umc,3.48443654683227
2009,umc,3.75351636220452
2010,umc,4.13324002700122
2011,umc,4.55426898898454
2012,umc,4.70110303163875
2013,umc,5.3221619242756795
2005,wld,8.20863493668497
2006,wld,8.90947083655658
2007,wld,9.51959192572153
2008,wld,9.05982944676764
2009,wld,9.602441059037199
2010,wld,9.31225676344835
2011,wld,9.1954289272658
2012,wld,8.88177403656291
2013,wld,8.93318737479764
2014,wld,9.77880331516394
2008,afg,4.1911333424023
2009,afg,15.488508464405301
2010,afg,16.9823246727104
2011,afg,9.19561609762948
2012,afg,8.5787329884397
2013,afg,4.70764032306557
2005,alb,1.72851050818131
2006,alb,1.81422633086143
2007,alb,2.37162790922457
2008,alb,2.7854486121886497
2009,alb,0.9212493137387009
2010,alb,0.180694401859089
2011,alb,0.65617818167113
2012,alb,0.6340543035357961
2013,alb,0.35847424590513793
2014,alb,0.44985045103886895
2005,dza,21.3706407137066
2006,dza,4.37898089171974
2007,dza,5.710451383155191
2008,dza,8.273227757741179
2009,dza,8.97148592615925
2010,dza,8.38740405557804
2011,dza,8.170928813314429
2012,dza,8.98861627823357
2013,dza,7.935103066375571
2005,atg,3.41364605508587
2006,atg,2.37558954617057
2007,atg,2.7256662474721898
2008,atg,3.43645490863401
2009,atg,2.69920670270008
2010,atg,3.97789873189825
2011,atg,4.0090700406451605
2012,atg,3.03932373115663
2013,atg,3.25297828949486
2005,arg,0.0589640303648991
2006,arg,0.0836210372379388
2007,arg,0.0902404413087362
2008,arg,0.16648614982384602
2009,arg,0.157452437748278
2010,arg,0.173104489299309
2011,arg,0.338675354040045
2012,arg,0.40779536404224
2013,arg,0.9539636344764442
2014,arg,1.0429722671850699
2005,arm,3.0703476021789102
2006,arm,2.78964509171844
2007,arm,2.7687099145131295
2008,arm,2.8087615333154
2009,arm,2.27765371521372
2010,arm,2.6354832347496604
2011,arm,2.6458211235314
2012,arm,2.18667784728495
2013,arm,2.65549952537879
2014,arm,1.8408993698447
2005,abw,0.303865969257639
2006,abw,0.419630200786028
2007,abw,0.46157396722824795
2008,abw,0.521200169037897
2009,abw,0.8904260799175792
2010,abw,0.936370209689077
2011,abw,0.9807543747690941
2012,abw,0.9536041098089629
2013,abw,0.7585979430901549
2005,aus,5.14607695823191
2006,aus,6.72997490028515
2007,aus,6.6361955897878095
2008,aus,4.01819318213032
2009,aus,3.0595600815256603
2010,aus,2.59895310008892
2011,aus,3.4599225922745496
2012,aus,4.14456658797808
2013,aus,5.71038861331555
2014,aus,6.32776240512315
2005,aut,3.83540823241506
2006,aut,5.54387029205675
2007,aut,8.21309724283884
2008,aut,8.42299829316295
2009,aut,7.37054974151214
2010,aut,7.065492614930849
2011,aut,7.24816547735335
2012,aut,7.1190042015186705
2013,aut,6.49396312009279
2005,aze,1.16184091108704
2006,aze,1.7397081876559402
2007,aze,0.575636439533171
2008,aze,0.31542017521368604
2009,aze,0.251282520843284
2010,aze,0.48748714833162005
2011,aze,0.42243513613446004
2012,aze,0.273656668335809
2013,aze,0.47523517017875605
2014,aze,0.594912788212125
2005,bhr,20.7630116719869
2006,bhr,21.1627824965402
2007,bhr,22.2543352601156
2008,bhr,23.385179650886396
2009,bhr,22.2214508851094
2010,bhr,21.3985047433562
2011,bhr,10.6843124596514
2012,bhr,12.068965517241399
2013,bhr,12.2120186885774
2005,bgd,4.12618782806365
2006,bgd,4.16295568966029
2007,bgd,3.72646384075679
2008,bgd,4.804199040129809
2009,bgd,4.67060306036228
2010,bgd,4.59234661511327
2011,bgd,4.49830682558335
2012,bgd,5.10202890352505
2013,bgd,4.67060001481922
2005,brb,6.5861944998982205
2006,brb,5.037457419467111
2007,brb,4.35234639893991
2008,brb,4.170839807234009
2009,brb,4.756668677117769
2010,brb,4.47556345948561
2005,blr,0.172057811424639
2006,blr,0.3612689572122079
2007,blr,0.286785166676132
2008,blr,0.40848596653050495
2009,blr,0.29320736276266496
2010,blr,0.592287658573469
2011,blr,0.556253364435672
2012,blr,0.710677693325047
2013,blr,0.637574004125479
2014,blr,0.7785500468928659
2005,bel,7.65272123815939
2006,bel,7.80541942173961
2007,bel,6.691609750766809
2008,bel,6.1249907265471695
2009,bel,6.10884036697662
2010,bel,4.8602445146359
2011,bel,4.8978013128577995
2012,bel,4.79548955128823
2013,bel,8.76967916581119
2005,blz,0.269262533563742
2006,blz,0.24412276027003998
2007,blz,0.216265347629233
2008,blz,0.657620380332776
2009,blz,1.68535104604305
2010,blz,2.1732501457298
2011,blz,1.78378287651369
2012,blz,1.04915778414716
2013,blz,0.7344992050169291
2014,blz,0.661065214558814
2005,ben,2.27796940135852
2006,ben,2.47221194837553
2007,ben,2.19672496379637
2008,ben,2.24658726865865
2009,ben,2.49576064001331
2010,ben,2.2429439873656603
2011,ben,0.867640846578866
2012,ben,11.240336672072198
2006,bmu,16.518150707911197
2007,bmu,19.0560088722828
2008,bmu,19.3199473102635
2009,bmu,17.3956292537849
2010,bmu,19.325416990871197
2011,bmu,18.706433648403898
2012,bmu,20.4243861839662
2013,bmu,19.536739529591
2006,btn,12.407357158438598
2007,btn,2.6529297043377205
2008,btn,3.31699336117252
2009,btn,3.0107511640652698
2010,btn,3.66095329413935
2011,btn,2.9819066459719803
2012,btn,2.31898637127864
2013,btn,3.3055482052558194
2014,btn,1.9962729934022
2005,bol,6.6140298590335895
2006,bol,7.3058661540731205
2007,bol,7.76442642761604
2008,bol,8.45517596870885
2009,bol,9.75550714112806
2010,bol,9.76514457525177
2011,bol,7.35779272479959
2012,bol,9.118763871280539
2013,bol,9.75119391746512
2005,bih,2.91512404556293
2006,bih,0.944401637408819
2007,bih,0.197806901996003
2008,bih,0.222121574671067
2009,bih,0.23129611387956
2010,bih,0.25892760639374496
2011,bih,0.26920186102487503
2012,bih,0.33454335285932396
2013,bih,0.33654310004989696
2014,bih,0.332048335166532
2005,bwa,7.19623409955528
2006,bwa,3.15163790857893
2007,bwa,5.31615377670879
2008,bwa,4.4185150458125
2009,bwa,2.9943434658178103
2010,bwa,2.14708691336885
2011,bwa,30.8383016607897
2012,bwa,1.96663911462372
2013,bwa,18.7763065992003
2005,bra,4.65262094411972
2006,bra,6.25605205704706
2007,bra,7.2203873668868495
2008,bra,7.16699408274112
2009,bra,7.40332301417369
2010,bra,8.27564252948597
2011,bra,8.69063075858025
2012,bra,8.45834485804639
2013,bra,9.02452822571763
2014,bra,4.70416916151758
2005,brn,1.1785189100001299
2006,brn,1.37184278200984
2007,brn,1.6568182485957101
2008,brn,1.4635659758456
2009,brn,1.4299804693529299
2005,bgr,1.1100186082077501
2006,bgr,1.3766078534230801
2007,bgr,1.26409197505024
2008,bgr,1.3340488105161399
2009,bgr,2.51455735975946
2010,bgr,2.61365355816421
2011,bgr,2.9161049659678397
2012,bgr,2.6673829781772898
2013,bgr,3.1195509827339705
2005,bfa,18.5068449538364
2006,bfa,2.07411504424779
2007,bfa,14.8166911078524
2008,bfa,1.9531629579243899
2009,bfa,1.5497285364835
2010,bfa,5.0510904377001795
2005,bdi,0.718700385574976
2006,bdi,0.8962198354024509
2007,bdi,0.0197480710366331
2008,bdi,7.57733028856125
2009,bdi,14.4030072212875
2010,bdi,21.573482339032196
2011,bdi,21.1828004874353
2012,bdi,15.1459350364839
2013,bdi,17.117797975379
2005,cpv,1.4977723692414902
2006,cpv,1.4588738680297
2007,cpv,1.27564189454722
2008,cpv,1.55275022312955
2009,cpv,1.8703635494643
2010,cpv,1.32678795835496
2011,cpv,2.0316386779282998
2012,cpv,0.9831830065894119
2013,cpv,1.16614111494309
2014,cpv,1.34407788855117
2005,khm,1.07446695735187
2006,khm,1.1246901335132
2007,khm,0.9310098584647309
2008,khm,0.439106415931015
2009,khm,0.3830652461
2010,khm,0.23888199362344
2011,khm,1.20991267440504
2012,khm,0.6718302456120351
2013,khm,0.6040672362492939
2005,cmr,5.931091257941941
2006,cmr,1.7256473568122699
2007,cmr,3.4771303907056703
2008,cmr,4.26308093770966
2009,cmr,5.30750930637364
2010,cmr,3.97625030330369
2011,cmr,2.73940177970887
2012,cmr,5.22737915933628
2013,cmr,5.47166436538879
2005,can,6.969393736288461
2006,can,7.999968182875331
2007,can,8.785835225986919
2008,can,8.27206295311766
2009,can,8.57226704511675
2010,can,9.76520204826166
2011,can,11.1205419825914
2012,can,10.560082300401199
2013,can,10.785860169024401
2014,can,10.7678688498298
2005,chl,2.7987408748158105
2006,chl,2.9340349182333703
2007,chl,2.98479058605527
2008,chl,2.84632209689928
2009,chl,6.79514376635891
2010,chl,6.8686832779161
2011,chl,6.458177241650491
2012,chl,6.683212666957529
2013,chl,6.6384843994896
2014,chl,7.32552983408362
2005,chn,0.783539526879655
2006,chn,0.6183136442629351
2007,chn,0.771771259746072
2008,chn,1.02674071917388
2009,chn,1.36799433200248
2010,chn,1.7931952560584798
2011,chn,2.10155739658444
2012,chn,2.42382934271968
2013,chn,3.35761498154119
2005,col,1.3884819178265801
2006,col,1.9510623479752902
2007,col,2.15223582485139
2008,col,1.58393645966828
2009,col,1.0627659516256
2010,col,1.10805915279622
2011,col,1.34214377663946
2012,col,1.18476047100718
2013,col,1.23371675149735
2014,col,1.03790709540021
2005,com,0.0848951870959316
2006,com,0.534548324603575
2007,com,0.48487316796645
2008,com,0.285776677156317
2009,com,0.31288862373495097
2010,com,0.18710446885513
2011,com,0.185029160764739
2012,com,0.196136273185326
2005,zar,14.591291061879302
2006,zar,17.5959780621572
2007,zar,16.4626924595341
2008,zar,15.0621118012422
2009,zar,17.177326694753
2010,zar,15.5089408528198
2011,zar,16.9817878633319
2012,zar,13.2703858899073
2013,zar,8.19370769158972
2005,cog,28.191000918273602
2006,cog,30.821917808219105
2007,cog,31.426602343211602
2005,cri,0.250931204536949
2006,cri,0.29156357213893996
2007,cri,0.20601832870017103
2008,cri,0.24026722514958898
2009,cri,0.28882893801522996
2010,cri,0.420512899018656
2011,cri,0.428860394108753
2012,cri,0.45435481039199604
2013,cri,0.510161495702445
2005,civ,10.9574288919936
2006,civ,11.108008606712199
2007,civ,11.1832280838439
2008,civ,11.0263580874062
2009,civ,10.333560720241099
2010,civ,9.87586716543171
2005,hrv,0.55965427634952
2006,hrv,0.670279078061539
2007,hrv,0.6506316561289051
2008,hrv,0.538281573325745
2009,hrv,0.723188897434372
2010,hrv,0.8849770059165161
2011,hrv,0.7194806417887969
2012,hrv,0.7887684062055279
2013,hrv,0.7655922447945508
2005,cyp,5.65279689315864
2006,cyp,6.9119891471726795
2007,cyp,10.9318286174231
2008,cyp,15.591456036648701
2009,cyp,16.9679206405196
2010,cyp,16.0764986943106
2011,cyp,12.3620960896629
2012,cyp,9.73214855434553
2013,cyp,22.3456440448556
2005,cze,3.7681418047218997
2006,cze,3.0405747702560197
2007,cze,2.12571576138278
2008,cze,2.40041120753995
2009,cze,2.2002069031989904
2010,cze,2.7504088139982996
2011,cze,3.05422142786892
2012,cze,2.9320909658795498
2013,cze,3.00307417811544
2014,cze,3.14276166178523
2013,dnk,1.75678450565967
2005,dma,2.06525675828804
2006,dma,2.2635238569275202
2007,dma,2.0778966757496398
2008,dma,2.32257340791681
2009,dma,2.2646836941351296
2010,dma,2.02740653297583
2011,dma,2.42286036315239
2012,dma,2.5851284188772
2013,dma,2.60082013320734
2005,dom,0.6577870864286421
2006,dom,0.81859756097561
2007,dom,0.656487423471269
2008,dom,0.6634667606088629
2009,dom,0.719818354562875
2010,dom,1.18377531480299
2011,dom,1.55897096898584
2012,dom,1.65452311313408
2013,dom,1.1366021408159601
2005,ecu,0.0786197344300507
2006,ecu,0.0008291694195436191
2005,egy,1.35098659394963
2006,egy,1.16965712372977
2007,egy,0.8514924006592199
2008,egy,1.9673579918597701
2009,egy,1.27123020157542
2010,egy,1.17325768481667
2011,egy,1.43611570899346
2012,egy,1.13095768165393
2005,slv,2.7283904568499904
2006,slv,2.57925628059059
2007,slv,2.72416658971281
2008,slv,3.1074702762269597
2009,slv,4.591138117771241
2010,slv,2.19882747014119
2011,slv,2.11739944405738
2012,slv,4.0934473281536
2013,slv,4.407750469947481
2014,slv,3.01744844631913
2005,est,1.7774392164064698
2006,est,2.38148211362774
2007,est,3.24464904724325
2008,est,2.06676597317034
2009,est,1.82818420168108
2010,est,2.19755163232904
2011,est,1.6080176279119098
2012,est,1.6352309385686103
2013,est,1.6607690468260101
2005,eth,3.9565813082715295
2006,eth,2.34927803985099
2007,eth,5.21360150453679
2008,eth,1.4467035282515601
2009,eth,1.4616089032521
2010,eth,0.20366803637394898
2011,eth,0.106222290489375
2012,eth,0.0472251597965467
2005,fro,0.334827750197288
2006,fro,0.501208565545114
2007,fro,0.499194178464923
2008,fro,0.505338121715664
2009,fro,0.78339862928022
2010,fro,0.7321765109755629
2011,fro,0.7779128364492389
2005,fji,0.21435890343209804
2006,fji,0.250006839022762
2007,fji,0.15844356256447198
2008,fji,0.0947562929499147
2009,fji,0.114053797799503
2010,fji,0.0557315982009575
2011,fji,0.17135474660242497
2012,fji,0.336419360008977
2013,fji,0.39430532826442505
2005,fin,1.1755175983213502
2006,fin,1.03641066818386
2007,fin,3.5454740447773796
2008,fin,3.28573581044846
2009,fin,3.23066985751601
2010,fin,3.06318518985078
2011,fin,2.80910668671997
2012,fin,3.1072581540183903
2013,fin,7.27211641345332
2005,fra,3.03406949199891
2006,fra,2.602559635649
2007,fra,3.6836440861815203
2008,fra,4.5109287859000196
2009,fra,4.95956713243737
2010,fra,5.751766502463401
2011,fra,7.13435598156564
2012,fra,7.85236250499587
2013,fra,8.41632388943213
2014,fra,7.98608290561648
2005,pyf,2.01137547969009
2006,pyf,1.44058771569796
2007,pyf,1.8515356371872198
2008,pyf,0.8136039058977629
2009,pyf,0.8400349138548341
2010,pyf,1.07403341541357
2011,pyf,1.02792277716445
2012,pyf,1.12808976394446
2013,pyf,1.55261581946951
2005,gab,24.2663621078013
2005,gmb,0.45547420398433497
2006,gmb,0.39624036002151297
2007,gmb,0.30369006526343895
2008,gmb,0.483257268277056
2009,gmb,0.0727997125655719
2010,gmb,0.291110776764269
2011,gmb,0.434654452838044
2012,gmb,6.015624018787099
2005,geo,4.65764562204077
2006,geo,3.89392910626885
2007,geo,2.23928946387446
2008,geo,2.12294926769291
2009,geo,2.30842338073624
2010,geo,3.5532758468246097
2011,geo,1.9955456923744699
2012,geo,1.54700219534433
2013,geo,0.9382234202616851
2014,geo,0.919895249219463
2005,deu,12.5142124490766
2006,deu,14.606039107999699
2007,deu,14.752842196686801
2008,deu,14.312946313345599
2009,deu,16.1738450067843
2010,deu,13.8256983774214
2011,deu,13.0425312405266
2012,deu,12.701905333787902
2013,deu,12.4225649990709
2014,deu,12.3043216341047
2005,gha,0.7455979041846851
2006,gha,0.767529919731905
2007,gha,0.7792747736332629
2008,gha,0.85959457060685
2009,gha,0.9375172468167301
2010,gha,1.31481605525413
2011,gha,1.62610730114567
2012,gha,1.22013692936982
2013,gha,1.54251476649811
2005,grc,1.0922621932728
2006,grc,1.03685208596359
2007,grc,1.28831198509526
2008,grc,1.19278261640469
2009,grc,1.61721961937581
2010,grc,1.5009507847867098
2011,grc,1.83247890320328
2012,grc,1.9057947464387899
2013,grc,2.06244202988847
2014,grc,1.8943805879297502
2005,grd,11.8927569398871
2006,grd,2.80130890400303
2007,grd,2.73695767103944
2008,grd,3.2461285248704397
2009,grd,2.9027371267769904
2010,grd,2.95555480688662
2011,grd,2.4922214039819703
2012,grd,1.9848505879150802
2013,grd,2.06835729200712
2005,gtm,1.5637792696905202
2006,gtm,1.92880442490427
2007,gtm,2.1861298091768
2008,gtm,1.6590046645601202
2009,gtm,1.0161606073423501
2010,gtm,1.91363159055977
2011,gtm,1.2837354612462
2012,gtm,1.1929180777346102
2013,gtm,1.4914089763128702
2014,gtm,1.55073489269469
2005,gin,3.3428571428571403
2006,gin,6.24503836993914
2007,gin,0.9299160807439331
2008,gin,0.43258071323063896
2009,gin,8.764582710140589
2010,gin,15.827574860151401
2011,gin,11.658875194786802
2012,gin,15.5805003207184
2013,gin,5.33240306986943
2006,gnb,4.29927414852038
2007,gnb,4.28325468961192
2008,gnb,0.639707562257255
2009,gnb,9.105180533751891
2010,gnb,10.6663527195667
2011,gnb,0.41915642332848796
2012,gnb,1.6204191117906002
2005,guy,4.75498086104987
2006,guy,5.000541843894769
2007,guy,4.48359427867459
2008,guy,11.982206109547699
2009,guy,11.058849574254
2010,guy,10.949391793306502
2011,guy,10.650934342781401
2012,guy,11.8346406925373
2013,guy,6.733863622563599
2005,hnd,1.3618014161543899
2006,hnd,1.14766748112204
2007,hnd,1.3201517032381
2008,hnd,1.24417950563575
2009,hnd,1.14830892244749
2010,hnd,1.20370348310296
2011,hnd,0.911848702081603
2012,hnd,1.29827341195595
2013,hnd,1.1699030574016103
2005,hkg,14.331112878148199
2006,hkg,17.8855054730201
2007,hkg,20.399959453105303
2008,hkg,18.0354626553268
2009,hkg,18.430092966399698
2010,hkg,17.3246217243955
2011,hkg,16.6884650312477
2012,hkg,16.7537300202563
2013,hkg,16.7167888881618
2005,hun,1.2296106535191498
2006,hun,1.29030174663761
2007,hun,1.6393844390365402
2008,hun,1.90281270025711
2009,hun,1.5853958376368302
2010,hun,1.6100359622249298
2011,hun,1.54789407147227
2012,hun,1.06603777042249
2013,hun,1.16513235402553
2014,hun,0.9940480418144749
2005,isl,27.733947481582103
2006,isl,41.523413433892
2007,isl,34.6461991682578
2008,isl,13.435314448083
2009,isl,26.991568671666396
2010,isl,29.130236691753
2011,isl,27.1551820872587
2012,isl,24.6291260920364
2013,isl,4.5844806872940405
2014,isl,4.44654419017273
2005,ind,4.01940335176617
2006,ind,5.01715393719352
2007,ind,5.66412881332513
2008,ind,5.53792918763059
2009,ind,5.548619531258191
2010,ind,6.53149464884521
2011,ind,6.403614408929251
2012,ind,5.24677059147471
2013,ind,5.74939167604166
2014,ind,5.095483994552031
2005,idn,2.8958187390008505
2006,idn,1.92549875069458
2007,idn,2.5373932943142403
2008,idn,2.1800047765471002
2009,idn,1.56406634993767
2010,idn,2.54349679124081
2011,idn,2.2248315918754904
2012,idn,1.08119574976622
2013,idn,1.2490127945738
2005,irq,0.8057553956834529
2006,irq,0.3962637984715539
2007,irq,2.28789323164919
2008,irq,0.32826261008807
2009,irq,0.213872832369942
2010,irq,0.873084443636033
2011,irq,2.0842982862436297
2012,irq,1.1290929619871999
2005,irl,26.8807593491077
2006,irl,28.879726989138497
2007,irl,27.4374266963194
2008,irl,24.3726091363803
2009,irl,21.700989311929003
2010,irl,21.283242280571603
2011,irl,19.648065761057
2012,irl,19.2619962483387
2013,irl,17.823034940242
2005,isr,0.0920908788440515
2006,isr,0.10777901621416999
2007,isr,0.11837752605007401
2008,isr,0.105963548539302
2009,isr,0.128353171078344
2010,isr,0.11833899388187401
2011,isr,0.11220104087480301
2012,isr,0.0892367051754079
2013,isr,0.0880994544952969
2005,ita,3.23724308312576
2006,ita,3.7556739186128505
2007,ita,4.85995515847263
2008,ita,5.50287114918854
2009,ita,6.77265828105848
2010,ita,6.389087697678121
2011,ita,6.86370650681797
2012,ita,6.869350642715559
2013,ita,6.8386451520354905
2014,ita,6.62710022578355
2005,jam,2.8106295316675496
2006,jam,2.07479602940762
2007,jam,2.96724226186372
2008,jam,1.92176517654465
2009,jam,2.33264357436324
2010,jam,1.5245507969407401
2011,jam,1.7543726622992302
2012,jam,1.1770543689383701
2013,jam,1.04996891162375
2014,jam,0.527801891759633
2005,jpn,5.9396814228005805
2006,jpn,7.208599426546839
2007,jpn,6.31665444824769
2008,jpn,4.6005110657209105
2009,jpn,4.780178403109661
2010,jpn,3.7920483175011896
2011,jpn,4.27346564934928
2012,jpn,3.2334822468804196
2013,jpn,3.54508387782712
2014,jpn,5.5482910566542305
2005,kaz,1.1070570685861
2006,kaz,1.1949624942627801
2007,kaz,3.4101655304999103
2008,kaz,4.90860242522388
2009,kaz,4.27610862857879
2010,kaz,2.65148183498285
2011,kaz,2.9359548295970694
2012,kaz,3.0523947275737
2013,kaz,1.24424726634423
2005,ken,0.6855248273071711
2006,ken,0.367393200649527
2007,ken,0.31448911693646003
2008,ken,0.4125104387022229
2009,ken,0.643585018770302
2010,ken,4.6829182727927
2011,ken,5.76867658495773
2012,ken,7.49118685424013
2006,kir,36.658748857709796
2007,kir,30.8684378135238
2008,kir,37.158418892901395
2009,kir,32.4051597975345
2010,kir,28.3889073319238
2011,kir,22.6146258850806
2012,kir,33.6096071573759
2005,kor,1.9092677050865803
2006,kor,2.91563141794367
2007,kor,3.53674975439238
2008,kor,2.9041274025845802
2009,kor,2.67988134705985
2010,kor,2.62756327247746
2011,kor,2.57854582099668
2012,kor,2.2752110985335
2013,kor,1.88743284944622
2014,kor,1.9793835488208202
2005,ksv,5.13509199387355
2006,ksv,5.44038170151574
2007,ksv,4.79648278234845
2008,ksv,4.42045136048338
2009,ksv,4.97518994866725
2010,ksv,4.06792317026599
2011,ksv,2.40517992943988
2012,ksv,4.36143071857589
2013,ksv,4.1947831795659
2005,kwt,3.13001605136436
2006,kwt,1.31954022988506
2007,kwt,1.31009429587262
2008,kwt,3.9416659627977504
2009,kwt,4.42642445706037
2010,kwt,4.23325202095552
2011,kwt,5.239611918511481
2012,kwt,3.6081630133954103
2013,kwt,7.57477113492311
2005,kgz,1.69618029022174
2006,kgz,0.9594272789310441
2007,kgz,1.3313158553581799
2008,kgz,2.7469676658156903
2009,kgz,2.31112719067238
2010,kgz,1.24067726009364
2011,kgz,0.459804088211397
2012,kgz,0.466565170928381
2013,kgz,0.687307865263049
2005,lao,1.59527851131004
2006,lao,1.5971392821676298
2007,lao,2.80626877808788
2008,lao,2.30908854670116
2009,lao,2.66196288830004
2010,lao,2.23923312598865
2011,lao,4.76744499788454
2012,lao,0.9413763604459301
2013,lao,6.48168039989246
2005,lva,6.005176876617769
2006,lva,6.80008607703895
2007,lva,7.259457926090209
2008,lva,6.4341347781916705
2009,lva,6.8923942529890505
2010,lva,6.401649310144321
2011,lva,7.35637705526563
2012,lva,6.81715283616842
2013,lva,10.0023069426854
2014,lva,10.9309449817538
2005,lbn,2.4648491303332403
2006,lbn,2.72146903901833
2007,lbn,2.90200783485775
2008,lbn,2.07669619204455
2009,lbn,2.1088563962146596
2010,lbn,13.939750824890899
2011,lbn,7.46134437559128
2012,lbn,10.7134187163318
2013,lbn,11.685859303947199
2005,lso,-7.50234245363026
2006,lso,-0.54109169879518
2007,lso,-0.23683525652160897
2008,lso,1.39816715832059
2009,lso,3.15975449229466
2010,lso,1.42681377443717
2011,lso,6.023208702466349
2012,lso,3.55124990229505
2013,lso,0.9384850403973959
2012,lbr,12.4515880080831
2013,lbr,13.6098520855551
2005,lby,10.262529832935599
2006,lby,14.285714285714299
2008,lby,2.2147327876745297
2009,lby,16.363636363636402
2010,lby,18.4345281638625
2012,lby,21.419185282523
2013,lby,19.9555308504725
2005,ltu,0.5294842061355289
2006,ltu,0.541626020710305
2007,ltu,0.5981268631936141
2008,ltu,1.01842494584429
2009,ltu,0.8698566701652058
2010,ltu,0.7702869027083421
2011,ltu,0.8709157567872908
2012,ltu,0.847314797365259
2013,ltu,0.904959591172539
2005,lux,68.28094303423329
2006,lux,72.0065861978467
2007,lux,71.9890401976618
2008,lux,67.7068867656985
2009,lux,63.283889981695395
2010,lux,64.743680495511
2011,lux,63.58835963915979
2012,lux,61.4106440518394
2013,lux,60.5785418410423
2005,mac,1.7866285980229801
2006,mac,1.58727728919482
2007,mac,1.6680459589819
2008,mac,1.9091642329587901
2009,mac,1.2868339437568301
2010,mac,1.4883494345402
2011,mac,1.0348338231891898
2012,mac,1.3340226931155201
2013,mac,1.6211715311222699
2005,mkd,0.702950141734021
2006,mkd,1.01703001186242
2007,mkd,1.2202614279000301
2008,mkd,0.887545394765494
2009,mkd,0.275022719496676
2010,mkd,0.375131941229294
2011,mkd,0.20800709401762502
2012,mkd,0.19323916832025897
2013,mkd,0.23894320241733105
2014,mkd,0.26075855677274107
2005,mdg,0.10002980595693199
2006,mdg,0.24880142554761303
2007,mdg,0.10981183437440699
2008,mdg,0.30655478432275607
2009,mdg,0.21844818840160002
2010,mdg,0.9980194521632629
2011,mdg,2.67869736675077
2012,mdg,2.7158014132489705
2013,mdg,2.88124094058186
2005,mwi,0.302073740713981
2006,mwi,0.315789840453235
2007,mwi,0.216597941093534
2008,mwi,4.71684046243923
2009,mwi,0.27903422000003697
2010,mwi,1.04358673338385
2011,mwi,17.1465278495042
2012,mwi,17.962978138700603
2005,mys,1.72148274697572
2006,mys,1.71789766160782
2007,mys,1.53569671487597
2008,mys,1.4894935166741599
2009,mys,1.6600499399889699
2010,mys,1.37331447372974
2011,mys,2.01155864305147
2012,mys,1.8104698268722998
2013,mys,2.08881706095358
2005,mdv,0.17531402184726902
2006,mdv,0.11838348274981401
2007,mdv,0.309239669629728
2008,mdv,0.492120163328591
2009,mdv,0.0517753479591715
2010,mdv,0.0537227043465098
2011,mdv,0.292825056441206
2012,mdv,0.348753144948638
2013,mdv,0.6068111210618741
2005,mli,2.9464552796889003
2006,mli,2.4146981627296604
2007,mli,1.31098091536632
2008,mli,0.5592503022974611
2009,mli,2.0775623268698
2010,mli,2.1630521176337
2011,mli,1.62739940679389
2012,mli,5.325397909845769
2013,mli,2.41037068806899
2005,mlt,5.51874102495214
2006,mlt,6.1336578565711495
2007,mlt,8.27291721713171
2008,mlt,5.83581118520007
2009,mlt,6.340012616653019
2010,mlt,6.903231593223151
2011,mlt,5.9014125778269895
2012,mlt,35.739478202529504
2013,mlt,35.7798771686622
2014,mlt,32.2317040410283
2012,mrt,2.2124658515792004
2013,mrt,1.5290650735045501
2005,mus,1.2792009301627099
2006,mus,1.6418745583412901
2007,mus,1.9152944381588102
2008,mus,2.48535377581325
2009,mus,4.455272059023019
2010,mus,3.1831506650611203
2011,mus,6.62704944242125
2012,mus,5.740380504044619
2013,mus,8.14091297362815
2005,mex,9.875998966224518
2006,mex,7.9482567572482195
2007,mex,11.6005543971041
2008,mex,11.3795901808438
2009,mex,10.753813322419601
2010,mex,12.019551319061
2011,mex,14.5185073164077
2012,mex,12.479483873632901
2013,mex,13.8862159854813
2014,mex,16.8940200262187
2005,mda,0.8741015534430792
2006,mda,0.940329695843975
2007,mda,0.8766794694233051
2008,mda,0.899943161484538
2009,mda,0.68717277486911
2010,mda,0.5768869569883821
2011,mda,0.668823458928357
2012,mda,0.45731400888495793
2013,mda,0.554114917428688
2014,mda,0.690515272950692
2005,mng,1.77454047712163
2006,mng,2.01296415184211
2007,mng,0.511259511698757
2008,mng,0.818170800511342
2009,mng,1.12476549478899
2010,mng,2.25148657927737
2011,mng,1.14373771381981
2012,mng,2.10963015750584
2013,mng,1.00396049306719
2007,mne,0.6821746579993699
2008,mne,0.683214317789121
2009,mne,1.3147080482979
2010,mne,1.09471369510339
2011,mne,0.8769045428219501
2012,mne,1.06921526203563
2013,mne,0.347446010178716
2014,mne,0.40231545090975396
2005,mar,0.8231089091127959
2006,mar,0.7003990993282591
2007,mar,0.536226228232504
2008,mar,1.03569166727369
2009,mar,1.4785466743279199
2010,mar,1.3269961775755
2011,mar,1.17168243489215
2012,mar,1.15340856801079
2013,mar,1.36882004817139
2005,moz,0.42936443446563705
2006,moz,0.498550834944197
2007,moz,1.5549756076915802
2008,moz,1.06458807689162
2009,moz,1.2526555108253001
2010,moz,1.23535244102653
2011,moz,1.46640446105131
2012,moz,0.619528058101767
2013,moz,0.232728148504727
2012,mmr,0.321099934634073
2013,mmr,0.00163101734384707
2005,nam,0.0391323274614756
2006,nam,0.334078805848878
2007,nam,0.879271502682955
2008,nam,3.4745763994112795
2009,nam,0.8360577427076871
2010,nam,1.2106663172493
2011,nam,1.2407684387950602
2012,nam,0.390602279759096
2013,nam,0.616900003494911
2005,npl,1.4231830390971898
2006,npl,0.6376902967249201
2007,npl,0.921670394484414
2008,npl,0.14663895176787803
2009,npl,0.249677070389191
2010,npl,0.067407342637273
2011,npl,0.212863651249212
2012,npl,0.16063796320808602
2013,npl,0.23969251144223103
2005,nld,1.6953797410946798
2006,nld,1.8566313206272
2007,nld,2.1193874303522398
2008,nld,2.06948723831176
2009,nld,2.03396305811957
2010,nld,2.07625079703561
2011,nld,2.0948022962896697
2012,nld,2.01212600767746
2013,nld,1.81612347575203
2005,ncl,0.6333290610660811
2006,ncl,0.534029553400416
2007,ncl,1.67193321403557
2008,ncl,2.8969150416284504
2009,ncl,0.543830227351854
2010,ncl,2.39118668443114
2011,ncl,1.47253609380578
2012,ncl,2.45785875137395
2013,ncl,3.43377824542772
2005,nzl,3.00073522387175
2006,nzl,2.89883696331732
2007,nzl,2.59893744259593
2008,nzl,2.47463180759613
2009,nzl,3.4525411341219105
2010,nzl,3.28264572929795
2011,nzl,3.6541417628745894
2012,nzl,3.83529735464885
2013,nzl,4.47832836918672
2005,nic,0.5674908796108629
2006,nic,0.700560448358687
2007,nic,0.7195394947233771
2008,nic,0.834682945060421
2009,nic,0.602261553588987
2010,nic,0.506836397925507
2011,nic,0.372243962966498
2012,nic,0.423545682427176
2013,nic,0.40426908150064705
2014,nic,0.42240064607375005
2005,ner,1.07398836138136
2006,ner,4.419889502762429
2007,ner,6.94404213298223
2008,ner,6.785897503936059
2009,ner,2.92719167904904
2010,ner,5.2025673243454005
2011,ner,0.21696748632161497
2012,ner,7.57985062768154
2005,nga,0.8038225748873771
2006,nga,0.6182909632217479
2007,nga,1.63338998507501
2008,nga,0.8330730708207199
2009,nga,0.502285761338247
2010,nga,0.566327597291033
2011,nga,0.761649570618494
2012,nga,0.629595895266589
2005,nor,4.15573285825145
2006,nor,4.5905334568663205
2007,nor,5.25024150551367
2008,nor,5.71018378798928
2009,nor,5.408466633800139
2010,nor,4.30243649432347
2011,nor,6.07200577765283
2012,nor,4.75768673882144
2013,nor,7.094213160140161
2005,omn,0.554016620498615
2006,omn,0.396825396825397
2007,omn,0.463678516228752
2008,omn,0.854700854700851
2009,omn,1.4446227929374
2010,omn,1.32802124833997
2011,omn,1.38445154419595
2012,omn,1.6101326783624
2013,omn,1.6177227689542202
2005,pak,3.89162561576355
2006,pak,3.79232505643341
2007,pak,4.72976075676172
2008,pak,5.04970178926441
2009,pak,5.789056304520219
2010,pak,3.2070965540771095
2011,pak,4.631044925721099
2012,pak,2.98907522188663
2013,pak,4.08856745682018
2014,pak,4.77415666094911
2005,pan,7.30657655647295
2006,pan,8.05742599415576
2007,pan,8.13423874787794
2008,pan,9.509367597444552
2009,pan,7.46591408884328
2010,pan,9.22592330104733
2011,pan,9.8028948647941
2012,pan,8.9994324878858
2013,pan,7.34357746566083
2005,png,5.37453812562983
2006,png,1.5791169835642902
2007,png,3.8416012052082302
2008,png,4.2753960857409306
2009,png,7.367943776921309
2010,png,2.67457180500658
2011,png,5.428976343617151
2012,png,2.8857938718662997
2005,pry,11.310721103863099
2006,pry,11.026611509054899
2007,pry,7.905854009245501
2008,pry,5.86839634175689
2009,pry,6.0054286921871105
2010,pry,4.7804503351312
2011,pry,4.52033543775034
2012,pry,3.40274120879723
2013,pry,3.02966234861961
2005,per,6.595678889619419
2006,per,6.13248023564488
2007,per,12.1150176237124
2008,per,8.68545037294584
2009,per,9.65219829299801
2010,per,7.17449759571697
2011,per,8.68588811530841
2012,per,10.430622219165599
2013,per,9.32634219275259
2005,phl,1.24111397302974
2006,phl,1.55605498371281
2007,phl,1.18319480558961
2008,phl,1.22103816579197
2009,phl,1.53620937826799
2010,phl,1.0302405201693499
2011,phl,0.945781512369053
2012,phl,0.8565774004638709
2013,phl,0.795163311135861
2014,phl,1.20787249562947
2005,pol,1.76303784983356
2006,pol,1.5282036307003501
2007,pol,1.4423745307938303
2008,pol,2.03383118352568
2009,pol,1.55232155232155
2010,pol,2.6003791630118
2011,pol,2.66692765041227
2012,pol,2.5369721735746302
2013,pol,2.38089935187866
2005,prt,2.06604928527848
2006,prt,1.9978425379996598
2007,prt,2.07281755138331
2008,prt,1.9129230424080101
2009,prt,1.6287752451025101
2010,prt,1.5288450672673601
2011,prt,1.8295932516836297
2012,prt,1.76051946377447
2013,prt,1.4686467010404398
2011,qat,6.597085466719179
2012,qat,6.9617306558242
2013,qat,7.32289873637293
2014,qat,6.75698924731184
2005,rom,1.36548765195403
2006,rom,1.14184708386478
2007,rom,4.43916276930154
2008,rom,3.2445668809305204
2009,rom,1.97480422199523
2010,rom,1.5876089060987402
2011,rom,2.6923716137610096
2012,rom,3.74692387076288
2013,rom,2.4861384367733903
2005,rus,2.4920140300064904
2006,rus,2.7206329198643497
2007,rus,3.56529451894532
2008,rus,3.1537891824809803
2009,rus,3.09725716876118
2010,rus,3.04790466653008
2011,rus,2.50544470448974
2012,rus,2.84217982017186
2013,rus,3.2180148639296298
2014,rus,3.16433237112817
2005,rwa,0.14601363199153197
2006,rwa,1.52789525152704
2007,rwa,0.41846711750842797
2008,rwa,1.8679687654264199
2009,rwa,0.581995861136421
2010,rwa,0.36694723338635293
2011,rwa,0.475245286360659
2012,rwa,0.49073288025171996
2012,wsm,0.839211779152818
2013,wsm,2.70148621723434
2005,stp,3.6404206524658598
2006,stp,3.64042065246585
2007,stp,4.65980208986383
2008,stp,3.64042065246585
2009,stp,3.65143967698302
2010,stp,3.04385326247523
2011,stp,2.41420874433551
2012,stp,2.93267337481416
2008,sau,6.313481405789781
2009,sau,13.059802783769099
2010,sau,11.986789259317401
2011,sau,3.1208925839148396
2012,sau,4.463502676229201
2013,sau,5.350602471589269
2014,sau,3.31768138447213
2005,sen,2.1580914378846203
2006,sen,2.5875313333872403
2007,sen,1.89113506463615
2008,sen,1.46381547516673
2009,sen,1.92177149411297
2010,sen,1.5245611765213303
2011,sen,1.87111164118842
2007,srb,1.7758177836908102
2008,srb,1.8269531990363201
2009,srb,1.3987475590365601
2010,srb,1.72253755528678
2011,srb,1.9107614477898502
2012,srb,1.58722749868473
2013,srb,1.41138628260307
2005,syc,1.03530153342667
2006,syc,0.21561720590142605
2007,syc,24.232349736626396
2008,syc,7.51384821456738
2009,syc,8.797450143567099
2010,syc,10.303161016331499
2011,syc,8.0021522599893
2013,syc,0.383242828581224
2005,sle,2.9775545582317995
2006,sle,6.071794425188379
2007,sle,1.96792303529031
2008,sle,1.6966419490283702
2009,sle,0.769592853471528
2010,sle,1.4806750499311598
2011,sle,0.5641765017909319
2012,sle,0.629060888160007
2013,sle,0.49943288896789795
2005,sgp,12.965053808845198
2006,sgp,14.057932529005198
2007,sgp,16.4425768801035
2008,sgp,14.671543981593098
2009,sgp,16.386077378605002
2010,sgp,15.659876952380099
2011,sgp,15.709197696375899
2012,sgp,15.763714069000699
2013,sgp,16.147295232095598
2014,sgp,17.4684128865848
2005,svk,3.62873668888128
2006,svk,2.9851211027674704
2007,svk,4.7885499070524
2008,svk,2.9469688116198904
2009,svk,6.164094435150241
2010,svk,1.41968136841954
2011,svk,0.888596197406388
2012,svk,1.34213614963116
2013,svk,1.26723344114723
2005,svn,0.9119077008338159
2006,svn,1.20493938539246
2007,svn,1.4734003450947801
2008,svn,3.3121072365455198
2009,svn,3.74356912172029
2010,svn,3.8341205094558704
2011,svn,3.49530161312562
2012,svn,3.0026660393067797
2013,svn,2.45078336127967
2014,svn,2.41922544053576
2005,slb,1.97166044374681
2006,slb,3.2721620102702795
2007,slb,2.38818804617622
2008,slb,4.457773196811241
2009,slb,9.795444115672849
2010,slb,9.233068364084788
2011,slb,8.90484255946012
2012,slb,7.4801780883183095
2013,slb,0.419725218691741
2005,zaf,5.692953642289329
2006,zaf,6.7233574375989695
2007,zaf,7.49414164718119
2008,zaf,7.769525718420369
2009,zaf,7.30895001683231
2010,zaf,6.960774596001119
2011,zaf,7.202561092644251
2012,zaf,6.889836604990059
2013,zaf,6.89161926180514
2014,zaf,6.77808014931117
2005,esp,3.8592349663559102
2006,esp,4.49852934321422
2007,esp,5.78933787925487
2008,esp,4.906699831918769
2009,esp,4.95707576324185
2010,esp,4.61231280040835
2011,esp,4.56188712247229
2012,esp,4.34150895342694
2013,esp,4.32902581443087
2005,lka,4.80463828468
2006,lka,3.56675188626302
2007,lka,3.1458368951957594
2008,lka,3.45210457252448
2009,lka,3.98185214838538
2010,lka,3.27567514693056
2011,lka,2.96124289246185
2012,lka,8.99599358475866
2013,lka,7.396827444985879
2005,kna,1.75110030221939
2006,kna,1.69215380057423
2007,kna,1.91562944407533
2008,kna,1.65277546475322
2009,kna,1.43497797264541
2010,kna,1.7147861170615402
2011,kna,1.67281584084227
2012,kna,0.915345940375326
2013,kna,0.8553916500711751
2005,lca,1.2925412460620702
2006,lca,1.7723875609559199
2007,lca,1.98109659435206
2008,lca,1.4311654328941799
2009,lca,1.96085692529627
2010,lca,1.85041560298518
2011,lca,1.79908710924402
2012,lca,1.71855488804812
2013,lca,1.66022503340769
2005,vct,1.48027388807453
2006,vct,1.7005458070341102
2007,vct,1.94872279879813
2008,vct,2.15213144193391
2009,vct,1.96109224232301
2010,vct,2.24988101757871
2011,vct,2.26983955675096
2012,vct,1.85099124500649
2013,vct,1.94159567768098
2005,sdn,9.5594606860837
2006,sdn,10.196438242301001
2007,sdn,5.7676177286733
2008,sdn,18.5003187071083
2009,sdn,4.6865964391132096
2010,sdn,6.6744855137573005
2011,sdn,4.31790752771839
2012,sdn,2.5131925844364704
2013,sdn,0.803115349638929
2005,sur,0.36692223439211397
2006,sur,0.374531835205993
2007,sur,0.52583447645176
2008,sur,0.48685911245153
2009,sur,0.456140350877193
2010,sur,1.05161601543657
2011,sur,6.22910677147271
2012,sur,9.587037129680061
2013,sur,5.14287825614965
2014,sur,3.4792020013301004
2005,swz,78.8949806816624
2006,swz,14.0953399606275
2007,swz,6.376601135335231
2008,swz,8.39004660624188
2009,swz,10.515556998972501
2010,swz,16.051066615745498
2011,swz,3.90865191877625
2012,swz,5.491698647668789
2013,swz,3.8551219441224998
2005,swe,6.43094044441742
2006,swe,6.09057129990604
2007,swe,4.29902433630433
2008,swe,4.21464939919873
2009,swe,3.9154645824198697
2010,swe,3.44392027786312
2011,swe,3.8279664924311603
2012,swe,3.73246381657299
2013,swe,7.1668670684079805
2005,che,37.239384319368796
2006,che,39.0742025737746
2007,che,41.1604043360687
2008,che,37.3329304000238
2009,che,33.3202754685358
2010,che,30.760194746424197
2011,che,29.1423807498654
2012,che,28.051321144956997
2013,che,27.7969623730965
2014,che,25.8937986343256
2005,syr,1.09375
2006,syr,2.4160060400151004
2007,syr,2.8640836935147407
2008,syr,3.54858423618663
2009,syr,2.89740246445525
2010,syr,1.12888936922615
2005,tjk,8.10129884795632
2006,tjk,8.06858871801569
2007,tjk,10.7304506871724
2008,tjk,12.932667070537901
2009,tjk,4.90979828797376
2010,tjk,2.32256108956533
2011,tjk,2.06902225260422
2012,tjk,13.382036716673
2005,tza,3.28395934852808
2006,tza,1.06616501372698
2007,tza,1.49352106575603
2008,tza,1.24097784035278
2009,tza,1.18878053690805
2010,tza,1.8428558197523799
2011,tza,1.49793811920131
2012,tza,1.7934926726538798
2013,tza,2.05384044154167
2005,tha,0.5652635767388671
2006,tha,0.452915196587661
2007,tha,0.47681006596610903
2008,tha,0.716001895209043
2009,tha,0.594894263249666
2010,tha,0.7466498378738772
2011,tha,1.02872242896546
2012,tha,1.53087005175783
2013,tha,1.16004311756655
2014,tha,0.473333913381039
2012,tmp,3.0868450618961094
2013,tmp,1.9402749774898702
2005,tgo,0.980597710699217
2006,tgo,4.17512217966114
2007,tgo,4.80910464637074
2008,tgo,4.86449780850671
2009,tgo,5.088932371735139
2010,tgo,4.495935640660339
2011,tgo,3.7020990035725294
2012,tgo,4.677604447268441
2005,ton,3.44480157414924
2006,ton,2.96572338083737
2007,ton,16.3504287304664
2008,ton,3.37089057532915
2009,ton,2.2466919031215
2010,ton,0.132594235393705
2011,ton,0.200666855938259
2012,ton,0.7543232750121859
2005,tto,15.313172499716801
2006,tto,16.6313162819713
2007,tto,15.3753159687878
2008,tto,24.5235761733638
2009,tto,14.2405063291139
2010,tto,16.0451197053407
2011,tto,1.9126184805924198
2005,tun,2.62029342361752
2006,tun,2.6258246584558997
2007,tun,2.44265008953006
2008,tun,2.2744252873563195
2009,tun,2.3199147905510897
2010,tun,2.60055387049981
2011,tun,2.95638340182951
2012,tun,2.85083289567594
2013,tun,2.97879207627859
2005,tur,2.42891426078103
2006,tur,3.1021897810219
2007,tur,3.50663828924698
2008,tur,4.35755409424541
2009,tur,3.24423702446613
2010,tur,3.3666944676119
2011,tur,3.34453905233971
2012,tur,3.2629513710468503
2013,tur,3.83893312617337
2014,tur,3.99236104131068
2005,tuv,3.58257942714222
2006,tuv,4.09158361306355
2007,tuv,3.9734673866742
2008,tuv,3.26234732337398
2009,tuv,4.68602685165205
2010,tuv,3.40269201055872
2011,tuv,3.58845192429508
2012,tuv,3.95245936869256
2013,tuv,4.12502631356375
2005,uga,3.87102241014798
2006,uga,4.51081423673629
2007,uga,5.09883662393887
2008,uga,3.87940742622036
2009,uga,4.1217109344942005
2010,uga,3.2609969078593397
2011,uga,2.66043090866994
2012,uga,2.5811639553462498
2013,uga,1.9247940076196
2005,ukr,0.60993900609939
2006,ukr,1.2806283616494498
2007,ukr,2.7691054703407096
2008,ukr,2.9413337611637003
2009,ukr,2.8589272083824904
2010,ukr,2.8597213604828196
2011,ukr,1.72179648850519
2012,ukr,1.41767650774341
2013,ukr,1.7802388906686202
2005,gbr,32.165678516404
2006,gbr,34.9356649800165
2007,gbr,36.59293670994
2008,gbr,34.5020208005254
2009,gbr,35.474341318570296
2010,gbr,34.533761575911996
2011,gbr,36.055145810285
2012,gbr,34.1888684325017
2013,gbr,27.010570200822897
2014,gbr,32.3098565235393
2005,usa,13.288797389465401
2006,usa,14.4419028809238
2007,usa,15.4801356443751
2008,usa,14.893757989586302
2009,usa,16.0814982590451
2010,usa,15.979375746054199
2011,usa,15.4755058987689
2012,usa,14.770253019022
2013,usa,15.1102448679113
2014,usa,15.3367163717569
2005,ury,5.440284398324651
2006,ury,4.37723433579544
2007,ury,4.1503173687784995
2008,ury,3.83240353837048
2009,ury,4.27831273524233
2010,ury,4.830870237684111
2011,ury,4.13811051978723
2012,ury,3.9997414675337004
2013,ury,5.11681493548969
2014,ury,4.84228009644658
2005,vut,10.6259019512464
2006,vut,10.821455786789599
2007,vut,9.7311883020925
2008,vut,8.43072364465343
2009,vut,5.26071125217213
2010,vut,3.8685401598812206
2011,vut,4.4144456784037
2012,vut,4.6072917376906695
2013,vut,3.40933686719612
2005,ven,0.0798722044728434
2006,ven,0.27681660899654
2007,ven,0.937316930287053
2008,ven,0.0992063492063492
2009,ven,0.0984736582964057
2010,ven,0.122624156958921
2011,ven,0.117233294255569
2012,ven,0.107816711590297
2013,ven,0.163576881134133
2005,wbg,0.0021572013455773303
2006,wbg,0.0206847971949011
2007,wbg,0.013436893098723
2008,wbg,0.0169301795172268
2009,wbg,0.0084448642727753
2010,wbg,0.6980404954575479
2011,wbg,0.0047316658445103205
2012,wbg,0.00785389822816825
2013,wbg,0.0134557940267494
2005,zmb,3.85928562410481
2006,zmb,3.71145366949799
2007,zmb,6.58443074213781
2008,zmb,6.385178898013929
2009,zmb,2.49185936853678
2010,zmb,2.34673659546027
2011,zmb,2.08466431082574
2012,zmb,1.74126569670984
2013,zmb,1.4425659392598102
